0.0007004305987447162
0.0015948525962542392
0.003129334560012651
0.00023193317664860514
0.0013591415061004943
0.001321420377979976
0.0005955352077104829
7.504009778615287e-05
0.00030558484047492514
0.00392315355022821
0.0035006853642699466
0.0014743639169946397
5.5077708223041886e-05
0.0006307451981194565
0.00048747448160615757
0.00010855824501486842
0.00012385043795159307
0.0003362782085601462
0.0007767429989027687
0.0008608875628059109
0.000986391292725865
0.002241453117655137
0.0037370133817145484
0.0012022907046336214
0.0008539210590451266
0.004799316278130486
0.0009824391977842721
0.000805082547101368
0.0003291280269829887
0.0003244959698546317
0.00012608812612887753
0.0005731145156100478
0.0022010019455248517
0.0006662130268519172
0.0008839579044288471
0.000326856549938257
0.0010524277004811062
0.00022326428250877355
0.0002647958536597914
0.0009976628008659808
3.734497516208967e-05
0.0007142335033540641
0.0003272730601779897
0.0024461524980771724
0.0004881745968751186
0.0015469301774200183
0.00036167448787548153
0.0011943925510240713
0.0012182425218276803
0.0001594495457690781
0.0004757090017738856
0.00019206982470524984
0.00032000588328385236
0.000773678923437399
0.0018971844302729849
0.00047568607536077406
0.0002653091276815097
6.378428703428482e-05
0.0002400455422995107
0.000366051185762787
0.0005963975872054896
0.000549453519371384
0.0011880367484290505
0.0011719976934523027
0.0003957741510847366
0.00032877943197816994
0.0004088293762007287
0.0001809687399634326
0.0008905304098929024
0.00011663098549820393
0.00018852552252671148
0.00017760714632843587
4.9389984438384276e-05
0.0011102765928667096
0.00010834225331797725
3.5116670342871415e-05
0.0016777295086990009
0.00026626657882237266
0.00037809762841921416
2.852567954000694e-05
5.285792083453451e-05
0.0009121072434749259
0.001134639881956
0.0016619587979997182
0.0005134950454052597
0.0003449918669428659
0.00017421827797537844
0.001081296991745485
0.0004019169731990108
0.000326318186936632
0.0008947135092830054
5.8075978340671296e-06
0.0025431218934753403
0.0007721751309095856
0.00048630720429051057
0.00018408708005599096
0.0018848721974660677
0.0009719046349991356
0.00021762183795472707
0.004794314428675658
0.00035985019238833995
0.003397732788252984
0.0027734095986938355
0.001006367175200975
0.0006574679712002924
0.0003668592728265514
0.0009611192850176938
0.0018950733184042673
0.0011883896991015687
0.0031433411991704835
0.001284900252153154
0.0010564753047951636
0.002669729868284982
0.000731187953400782
0.0008903498040179726
0.000894577753381273
0.0006223622729543429
3.9983415570887245e-05
3.887786467294935e-05
0.002746534199245151
0.0008605987839948022
0.0008561124242353777
0.0001463597025978459
0.001057787479455965
0.0003748893596146169
0.004296998151781394
0.0003402534224778751
0.0005456129872018533
0.0002463708778254544
0.0004855907267368547
0.0002583683254989834
0.0008610495927376883
0.0008814133141033914
0.0004043182327357359
0.00019067491101159626
0.00216515824757054
0.0003675702117637184
0.0006549985158544984
0.0020410155995468733
2.8851141183357623e-05
0.00048282534134828215
0.005938914226872018
0.0009229918380594687
0.0031173793270410843
0.0018504332374686169
0.0010852254189560738
0.000352016775682339
0.001176973272329582
0.00014217330501201605
0.0006191001080891426
0.0003056738238809119
0.0018649148410527204
9.346743881216634e-05
0.0026713894206381087
0.0010229014193287225
0.0006560767769892833
0.00027679104870299257
0.00040114369161680454
0.0008149378022309844
0.0003649880884775499
0.0007143599856080708
0.0008354991623347694
0.0006199864282645314
6.292630742368789e-05
0.0001986240724901106
0.0003730058422172482
0.000681073261358364
0.0006318817002046694
0.000745488414536047
0.0010402698482140428
0.0016553688751706308
0.0008994360958153058
0.0008225591637178669
0.0002039172791098485
0.000744870990728719
0.002575822775235865
0.0011177856262895465
0.00039869352229967333
0.001026358981473493
9.322856430103466e-06
0.0011015987781940275
0.002028556969630786
0.0005296472187520072
0.0005622624578791262
0.0002728548181150335
0.006057450372789032
0.0006030835176820934
0.0018484967686267257
0.00414574016684333
0.0018519104840339301
0.00033336467478036163
0.001095700463717103
0.0004331833177636858
0.0013306297758431504
0.001191899824569328
0.0012535789968957324
0.00013949061231925927
0.001470337178350077
0.0018987221600407773
0.0005365156354248158
0.002767052069544435
0.00389857339528653
0.0003431296163140542
0.001100408486768562
3.4047525537253026e-05
0.00012475008291341026
0.0010108013045192468
0.0009137964523919938
0.002706738449030585
0.0027023270955461543
0.001513541066535086
0.003548123525738649
0.0004379016865928543
2.5609976323095918e-05
0.0021349499994145404
0.0015581242624559059
0.0007118782606603338
8.833757819102002e-05
0.00039897778633459223
7.315135026374492e-05
0.0005881035950009393
0.0010789725445557868
0.0015159069335275725
0.0005042342944041234
0.0019426793161190499
7.118646318247236e-05
0.0005481678725591455
0.0033098782815764805
0.0017273793549507294
7.292318397177434e-05
0.00042856990803928527
0.00013314404290450707
0.002892900251228828
0.0002027786365217615
0.0013796585463230514
0.0006319478376443019
3.408244211423925e-05
0.0014562345742100329
0.002098986470025725
0.00037824801808404097
0.002484594281355015
0.0007688017942088388
0.0026645582610083894
0.0006525274904534016
0.0009221464027933408
0.000978939140840683
0.0010962051061986235
0.0004830999257026297
0.0010933913820863437
0.000452300752839966
0.00042250825256877464
0.00038298360894137604
0.000788661527339869
0.0006107854780585617
0.0013637808434518763
0.00011617858418503163
0.0019218466384675421
0.00020415426814311555
0.00041227946145456395
0.0021031719214157493
9.237006597937207e-05
9.522849764289893e-05
0.0009651967909972016
0.0014956499255126122
0.0006399640198192567
0.00034174808765583106
0.0010017240352229136
7.194940574149492e-06
8.795614646758815e-05
4.355913524032573e-05
0.0003989144249075349
0.00011828117311362753
0.0005417264826865325
0.0041102441219083305
0.0007006077192699627
0.0008555843384823768
0.005248180303321608
0.0012230719050585499
0.0005815706885589069
0.00012117882498461152
0.00030752956602141714
0.005839010729764131
0.001708488704010485
0.002240922519779621
0.0004333554381481425
0.0010577176045796883
6.902550409271821e-05
0.0008344251848403168
0.0002904168106409447
2.2470424622244565e-05
0.0010717326643674664
0.0011060005822850828
0.00018534704358541098
0.0003148569261770452
0.0006307696092661792
0.00020820244033120964
0.00029936441959783737
0.0005730274238476246
0.002531709285404094
0.00022077046976937907
0.0012504034899830437
0.0028037388168449967
0.0007657755281115118
0.0017171584856013908
0.00018921967244592627
0.0011538423517767485
0.0036722093016643134
0.0016742817293186499
0.0008916229034642672
0.0011639434396348352
0.0007874371513737592
0.000423683850544302
0.000678090893877152
0.0022622068061100157
0.00019288278469183268
0.0029914306884796372
0.003518509352085102
0.00029475131219148127
0.0004282872321327069
0.0002237174001488854
0.000772778137407801
0.0006066731239530461
0.00012472252465495567
0.0005980628164206689
0.0009225575571058452
0.0019125586683851246
0.0015247836034607525
0.0002618891733270501
0.0002191437625286053
0.0008222487699006704
0.0013103480912463323
0.00016972151782643054
0.0018980067705317138
0.00019840108967159422
0.0007933428500962644
0.0001950130341388924
0.0002655034151674162
0.0010771462889456508
0.0009711183956040225
0.0003001082027533518
0.00031660215699530676
0.000585985799273122
0.001242108554065629
0.00032287280935108657
0.0004933786323030472
0.0014444775069959194
0.0014548700865486429
0.0012728818725255577
0.0002247073579975903
0.0004702646102613519
0.00033486768287232675
0.001484297207250785
0.001503611612470177
0.00014550864699780427
0.0016413792328679026
0.0003556457007366124
0.00023481660001560244
0.00033587243193368475
0.0017754060116894265
0.0009471815468605341
0.004523353311742781
0.001958460362931553
0.001570305775510847
0.0006017393281616467
0.0007503652467332545
0.0007721435674935216
0.0009792557564348085
0.0003181149809463222
0.0018152009506849948
0.000926758524557578
0.000272938001521226
0.0015631143749571517
0.0007767395954307899
0.000453906747066391
0.00092951846292923
0.00011600102454589571
0.00033932908633693
6.838928568059637e-05
0.00030797505266425565
0.001516558457719784
3.243674411688762e-05
0.0006907695897060249
0.000650993891486057
0.0036460282687856707
0.000246569540542285
0.0023598098714478328
0.0012214932009995685
0.0009707071618103988
0.004449825248431301
0.00038096065006953717
0.0025525235715805348
7.482697852156897e-05
0.00046160962957802635
0.00024157743331058363
0.0019394705483771904
0.0006672652612286224
0.0008088582788102666
0.0009350536025452772
0.0007640036018112493
0.001223743892751066
0.0027266058033694938
0.003657755226164063
0.003248997730007576
7.720384219306754e-05
0.002636060415558046
0.001027199550541776
0.0001490036395417987
0.0003451879018292675
0.0008026065773411712
0.00013054152428604708
0.0007442090074200091
9.611651560639315e-05
0.0009328484965739154
0.0006217141962609856
9.51452474311527e-05
0.0015216823747987713
0.0011277490602804399
0.0012748897090021014
0.0001590571070119741
0.0027823044384118387
0.00010198168207839856
0.00043423844160124384
0.00021596827839602846
0.0010814260893430084
0.00129441286312581
0.00018879223462853396
0.002018646271991149
0.002062813009446214
0.0010711249246624242
0.002087570778962468
0.0013149264349877703
8.477233893374163e-06
0.0008600709617494415
0.00020812799710325563
5.747130625481902e-05
0.00019073375432480488
0.0015412447960882786
0.0016391798805383557
8.603596291479441e-05
0.0024552238227357466
5.788760732931869e-05
0.002399622036798795
0.00019904027505914147
0.0030794138351336584
8.273714353182343e-05
0.001293679770478195
1.0034626584984372e-05
0.00276309280522993
0.0007753387008638052
0.00021246536125333124
0.0013140502728157901
0.0004305830326610998
0.0028694560672186745
0.0003550113019497312
0.0013296769097841015
0.00024244054441296611
0.0004927350633986813
0.001628669301827032
0.0022662439551871367
0.0008244123283054471
2.162352367302996e-05
0.0006089270060041166
0.0006223993897203581
0.0012620587921699587
0.00013569835835433475
0.0007306931427594554
8.87505012461173e-05
0.002424013705129021
0.00039185761231008703
0.0011858127518587724
0.00207848960795363
0.00043788808979149834
0.0028807122380281225
0.0026463495824256707
0.001264799608197464
0.000349283980411646
0.00015045543455741799
0.00035143851937861936
0.0001709143884755345
7.023786167520987e-05
0.00010836993414132365
8.883727984784583e-05
0.0006134770415613969
0.00016782605765662613
0.00046542926469367356
0.0003649667746043353
0.0013166747278429613
0.0008016906505553753
0.0007947395737532839
0.0002174537006488938
0.0010291739429055817
0.0011992302417132995
0.0015487696158490063
4.001597510515732e-05
0.0007766315404613982
0.0007272167274666305
0.00010172027547571969
2.6317651682477397e-05
0.001272860351404542
0.00012078064013242259
0.003127145721636078
0.0008848957593709831
0.0021880395591788583
0.0011050807883153657
0.0004884691348862546
4.237883725358905e-05
0.0001577572429184164
7.599732139947058e-05
0.0005895359003126905
0.0009190011468368706
0.0006564150138174019
0.0015048369252626793
0.001178539751888752
0.0006636951282429172
0.00014190414482740163
0.000975426136580346
0.000333736568005616
0.0006797161954805297
0.0003246153331198685
0.0006793501272344619
0.0013618857333568836
0.00012512645140155603
0.0017493497270215578
0.0012732343270962234
0.000873490028037652
0.0009873277847950671
0.0010401295496388252
0.0014241744553327822
0.0020805774399471908
0.0005492765780651809
0.0007501619252324895
4.813164057222508e-06
0.00017093560863979925
0.0004523138648952029
0.00030876914960544324
0.00032604963429572946
0.0015390275379768168
0.00019595389557948477
0.000568235830163294
0.0022046376265894172
5.6633012594330904e-05
0.0015299078629154982
0.0001861537095264601
0.0007177383808605598
0.0013176656037199755
0.002572706097252313
0.0006735978950066262
0.0005751313287729342
0.0005222230307467695
0.0030365877102367716
0.004990048234754088
0.003759428071153058
0.001033401638705587
0.00011833659687755457
0.00015080872058403444
0.0004283368041411534
0.0014069716191701996
0.000523233547697839
0.00015280433643408722
0.00032588108889332817
0.0002740948360314671
0.0016722332470397944
0.000761344393746623
0.0014959164306833199
0.0013391087774580388
0.001057255139849625
0.0005154774854946754
0.007146222826476643
0.0003920455067018541
2.9313764043700312e-05
0.0005377429866180252
0.00021138809782025457
0.002414630149101374
0.003092709174651506
0.0004295940928568465
0.0007464813297791072
6.676035229987866e-05
0.0015502473093863785
0.0005823806554484416
0.0018379865755388063
0.0004519803373266297
0.00038588550327201725
0.0009285977603613841
0.0006803665280928513
0.00031348509857809416
0.0004677783695700361
0.00024642278581170026
0.0002556470502909145
0.0028418541721669656
0.0014244936892131982
9.793097383347732e-05
0.0004109971385979177
0.0013422537335925386
0.001384826507724926
0.00012862599872291583
2.6703402449836407e-06
0.0004908240169814908
0.0003623309497219909
0.00013669411426362471
0.0003586399930669013
0.00010961206662826074
0.00019541811804367595
0.0019240715239525132
0.0014061999672397947
0.00032842056171285874
0.0003660910634388268
0.0013230742220822743
0.00017153473453568574
0.0009714963479631124
0.0024526428078791673
0.001691005983190445
0.001385693191133608
0.0002652385087234475
0.0018607637872603395
0.0003546902337005339
0.00039126177010701685
0.0002445376434511619
0.0012340684361940581
0.00012693267786893545
0.00035123438727280423
0.0007072577385450889
0.0018136208694563816
0.00046419290979403746
0.0002378404855456029
0.00013416099170989617
0.002201917003034908
0.002194487068569365
0.00030819971715688655
0.001845313720855302
0.0016842396536755383
0.00010924336440366215
0.0013028718955582022
0.000415972345728829
0.0005975321468075412
0.000282913655945468
0.0028578295373346456
0.0002539265632253225
0.00034697480464038335
0.00032179126490271395
0.0015515550070283304
0.00019905177863617626
0.0014802945716581042
0.0018480073753550676
0.001913186912768143
0.0005117605361312725
0.0005153188598287698
2.2250950726278237e-05
0.0005473384045975069
0.0004110382904215487
0.00015688461060596966
0.0008959040345006394
0.0016419291413652922
0.0015381882070822491
0.0009221000594067254
0.000627325834766502
0.001114260724161667
0.0006010204272003524
0.0015490402309120946
0.000660368397400328
0.00043751852411225524
0.00044450403355458877
3.2747756006200266e-05
4.222201442629141e-05
0.0004886909627733022
0.00023029848700567503
0.0013164008114260966
0.0008262473877470641
0.005567143925761646
0.0005042099558669076
0.004193811379986264
0.0011693903444904724
0.00025832816506698666
0.00023899722614090102
0.0006701070988112501
0.0016453785339896464
0.00010228753427334848
0.0005348411539147083
0.00336318163976212
0.001814954710218151
0.00026568898083365923
5.458627678249092e-05
0.0014324014588045786
0.0008931231459415745
0.0011893583687735412
0.00027033544796204205
0.0003477316806158292
3.997439794255672e-05
0.0009130678211356969
0.00010223412252625613
0.0021886446387182614
0.00014149631264273732
0.0017902170554232124
0.0002808615315943147
0.0015403095983605216
0.000462359655462756
0.00040837497241898526
0.001848529639808658
0.00027176489854115264
0.0005999846738097618
0.0023602829500201077
0.00024188692939529095
7.038446067329971e-05
0.00036675124607666725
0.0006762658825589082
0.000634446873576455
0.0009491112289470582
0.0013061173848507193
0.0014137733077833814
0.0014627283989203411
0.00323765286958536
0.002019242591834852
0.0004237109722431349
0.0004639395991851662
4.789219852385364e-06
0.001133967474784249
0.0003624028561750033
0.0009714890730198468
0.0016460948243758212
0.0003051911709856704
0.00020510856095065918
0.001832297304444524
0.001386144560055246
0.001110306346725181
5.007420497970909e-05
0.0005354142646615044
0.0014117193768889292
0.0013764388124128996
0.004089681948188318
0.0011295934569489222
0.0007027665310868269
0.00029334004686370666
0.00021682234612986048
0.000644785233681233
4.663070919589469e-05
0.00017464714313175108
0.00011461346914475729
1.3000937543876786e-05
0.0013604442177392114
0.00032925647510311304
0.00038575666863405607
0.0006484534086548572
0.00019860897246103056
0.0006662789044921867
0.000758841182357111
0.00015293037154321318
0.0001512222367256566
0.0024973255879062357
0.0004051096949691681
0.0008217003505718303
0.0002965914028744703
0.0009058351860662178
8.916087814099898e-05
0.0002535161523426698
0.0005704259468458974
0.00012809346174652678
5.265397284528908e-05
0.001119781523928403
0.0006035038100813423
0.0006628276917082353
0.0008000107220545588
2.1043194908367574e-05
0.0010489257252955405
0.0019303531446080461
0.0013649461271697774
0.00047507560976753506
0.0019061852491159975
0.00028121027857495125
0.00033668613132014827
1.768693463559162e-05
0.0015524062005206852
0.0009880245100753113
0.00029829144148495895
0.0035652150524570813
0.0002778699502614714
0.0001617749506605363
0.0013529950392026314
0.0024253960769777404
0.0010357573375114055
0.0006511587634460995
0.003153875240426781
0.0006044485203592467
0.0008526391235922722
0.001380125371265785
0.0005103909667561879
0.0021049039606026434
0.00022212821162385525
0.0007890685019815966
0.00047327221971109725
0.0022896326504246514
0.0014135138332799385
0.0022010714753579598
0.006363818133994876
0.0017824255621980592
0.0002716166934620813
0.0003320441874527962
0.0028698488925004485
0.0001114823782949641
0.0009327781728879005
0.0018026992311439701
0.002182636755626469
0.00048235751539846397
3.779229310244259e-06
3.9203451769564335e-05
0.0004879893303905557
0.0010612755535072342
0.0007236789687793272
7.443871693332202e-05
0.001784481610872726
0.0020774449455487174
0.0002833581817982472
0.0015502424926467488
6.408317804713678e-05
0.0001171634700200155
0.0004266779447377198
0.0003027859823853767
0.002058319987537022
0.001304601825055882
0.0013473031223308724
0.002230090470851726
0.00013818616703995402
0.00028741311573103167
0.0003859110237517042
0.000912002834910856
0.0011305435633444973
0.002588065113207766
0.001204516917257975
0.001930716189806866
0.00020178095402097906
0.000707278201769758
8.27116583531305e-05
0.002925082786657519
8.382023108430199e-06
0.0005306207007897298
0.0007700091486496816
0.0004654570341523872
0.0009407657358133345
0.00010556309096547924
0.002731358175333084
0.00024321664652136805
0.0014648055441731811
0.0004014367879151487
0.0035618898315957687
0.00023183759221783901
0.0005943736598913704
0.00022115492082607608
9.479470381869908e-06
0.00015716379943475872
0.0007922435881807713
0.0010473182193837234
0.0018708644638300712
0.00015578642263747421
0.00014300745193790288
0.002355124623653119
0.00021912628967355732
0.0007652056871817291
0.001041419671734389
0.0008128358231501195
0.0005796248009173232
2.3930511595962845e-05
0.0008118919842833525
0.0013402437108867512
0.001784149520595446
0.0016585481886902986
0.002961268775089274
7.446444989696174e-05
0.0016910317971965754
0.00388942299304005
0.000475382853747391
0.0004093103649446487
0.0016224952042246544
0.0005620251818235628
0.0009647923429103242
0.002221933163715688
0.0009363536901775182
0.0013041924508681803
0.00023382440138634318
0.00034255586303709933
0.0005306440744380511
0.0018761177868690405
0.0007369100838103482
0.0044559411407290766
0.0005697277433117556
0.0014834346054572692
0.002779881783826857
0.0011693788678605356
0.0005318239528543554
0.00031059882398681686
0.0017700054875482536
0.0011444923523439598
2.4321803309026926e-05
0.0011823836479703173
0.0003622634067512742
0.0018896658695470752
0.000726260693562221
0.00041904197445838295
0.0008780522604508305
0.0033379921431870643
0.0002608677040945358
0.0002219309942104104
0.0018422088445260824
0.0034838103578404543
0.00019371885479399698
0.00010027797535317021
0.0010037671532131043
0.0013670992661670438
0.0018775340781928202
0.0010780361232274435
0.0014342307313695412
0.002705672400713538
3.861883095560228e-05
0.001625692636348939
0.0003018493332109011
0.0018294124778996442
0.0016625300836879847
0.0007413946029346669
0.0016735284545257583
0.0006726046572338253
0.001195376547040714
0.004082544724660929
0.002268508972557578
0.00011650093412518146
0.002183197495187573
0.0007355101572863662
0.001135067791339704
0.00033520616034153655
0.0011066958147994469
0.0008575232317740698
0.00029124744966763983
0.0005991624079664122
6.93816762449527e-07
0.0005561273619827869
0.00021969593418485006
0.00016424606808111716
0.0016454149344567153
0.00030800803778073137
0.0009835501602049575
0.0005833246007608413
0.0007188102354039473
0.000342287066757444
0.0009317633498920425
0.00267815197645383
0.00022259618966732252
0.0015764535300725488
0.001144459753850306
0.0010235926686263293
0.0020983610898104884
0.004118519929465191
0.0001975265705787803
9.027065461307634e-05
0.00014998985159777044
0.0005847913081559167
0.002143140372611433
0.0025713103942887716
9.469814224925725e-05
0.0031129852578768036
0.0012455234804981375
0.0008021958631790338
0.0021555401504629117
0.0004775529481926466
0.0004968591075257823
0.00036921041816167144
0.00015061282574627184
0.0008297999138203552
0.002038708767491
0.0018414201654826867
0.0008512686918034851
0.0015226923576966054
4.1234182164327736e-05
0.002960818759019737
0.0001048997413845183
3.958180864322292e-05
0.00025439476962126913
0.00022558869769965313
0.00016389800911090988
0.0014113241042321397
0.0005955651942441537
1.817724958639713e-05
0.003408784184763172
4.656156930577049e-05
0.0010176634433001679
0.004060566120730949
0.000420161651654135
0.00014372064821393483
8.422635689460542e-05
0.0015436120162882587
0.001060019596107209
0.0005574976458637772
2.0578862536477126e-05
0.00031329627646433517
0.0008295643184979867
0.0005862981141194589
0.0004437922615661762
0.00027925889105727533
0.0006258830037237584
2.721884690127733e-05
0.000231720055807609
0.00014182806579257848
0.000418076296731589
0.0001152070698879967
0.0006355187334843978
